local Player = owner
local Char = Player.Character
local Hum = Char:WaitForChild("Humanoid")
local RootPart = Char:WaitForChild("HumanoidRootPart")
local Torso = Char:WaitForChild("Torso")
local Head = Char:WaitForChild("Head")
local RA = Char:WaitForChild("Right Arm")
local LA = Char:WaitForChild("Left Arm")
local RL = Char:WaitForChild("Right Leg")
local LL = Char:WaitForChild("Left Leg")
local RunningAnims = {}
local Animating = {}
local PauseAnims = {}

local function tick()
	return os.clock()
end

local function wait(Num)
	local CurrentTick = tick()
	repeat
		game:GetService("RunService").Stepped:Wait()
	until tick() >= CurrentTick + (Num or 0)
end

local function spawn(Func)
	coroutine.wrap(Func)()
end

function CreateWeld(PropertyTable)
	local Weld = Instance.new("Weld")
	Weld.Parent = PropertyTable.Parent
	Weld.Part0 = PropertyTable.Part0
	Weld.Part1 = PropertyTable.Part1
	Weld.C0 = PropertyTable.C0 or CFrame.new()
	return Weld
end

function SetTween(Instance,PropertyTable,Style,Direction,Time)
	Style = Enum.EasingStyle[Style]
	Direction = Enum.EasingDirection[Direction]
	local Info = TweenInfo.new(
		Time,
		Style,
		Direction,
		0,
		false,
		0
	)
	local TweenAnim = game:GetService("TweenService"):Create(Instance,Info,PropertyTable)
	TweenAnim:Play()
	return TweenAnim
end

-- Keyframe Order: Time Position, RJ, Neck, RS, LS, RH, LH

function PlayAnimation(AnimationTable,Priority,TweenTime,Looped,Speed,WaitUntilFinish,FunctionsAfterTime)
	local function Start()
		Priority = Priority or 1
		Speed = Speed or 1
		local Joints = {RJ,Neck,RS,LS,RH,LH,Grip} -- Don't change the first 6 elements. Any tool welds can be added afterward, like "Grip".
		local Id = tick().."/"..tostring(Looped).."|"..Priority
		table.insert(RunningAnims,Id)
		local PausedAnimIDs = {}
		local WaitForAnim
		local Delete = {}
		for v, Anim in pairs(RunningAnims) do
			if Anim ~= Id then
				for i = 2, #AnimationTable[1] do
					if AnimationTable[1][i] and table.find(Animating,tostring(Joints[i - 1].Part1)..Anim) and not table.find(PauseAnims,tostring(Joints[i - 1].Part1)..Anim) then
						if tonumber(string.sub(Anim,string.find(Anim,"|") + 1)) > Priority then
							table.insert(PauseAnims,tostring(Joints[i - 1].Part1)..Id)
							if string.sub(Anim,string.find(Anim,"/") + 1,string.find(Anim,"|") - 1) ~= "true" then
								WaitForAnim = Anim
							end
						elseif tonumber(string.sub(Anim,string.find(Anim,"|") + 1)) <= Priority then
							table.insert(PauseAnims,tostring(Joints[i - 1].Part1)..Anim)
							if not table.find(PausedAnimIDs,Anim) then
								table.insert(PausedAnimIDs,Anim)
							end
						end
					end
				end
				local AnimatingNum = 0
				local PausedNum = 0
				for _, Joint in pairs(Joints) do
					if table.find(Animating,tostring(Joint.Part1)..Anim) then
						AnimatingNum += 1
					end
					if table.find(PauseAnims,tostring(Joint.Part1)..Anim) then
						PausedNum += 1
					end
				end
				if table.find(RunningAnims,Anim) and (PausedNum == AnimatingNum or string.sub(Anim,string.find(Anim,"/") + 1,string.find(Anim,"|") - 1) == "true") then
					table.insert(Delete,Anim)
					if table.find(PausedAnimIDs,Anim) then
						table.remove(PausedAnimIDs,table.find(PausedAnimIDs,Anim))
					end
				end
			end
		end
		for _, Anim in pairs(Delete) do
			table.remove(RunningAnims,table.find(RunningAnims,Anim))
		end
		local Loops = 0
		local TablesCompleted = {}
		repeat
			local Tween
			local CurrentTimePos = AnimationTable[1][1]
			local TweenTime = TweenTime or .1
			for v, Keyframe in pairs(AnimationTable) do
				for i = 2, #Keyframe do
					if Keyframe[i] and table.find(RunningAnims,Id) then
						if not table.find(PauseAnims,tostring(Joints[i - 1].Part1)..Id) then
							if typeof(Keyframe[i]) == "CFrame" then
								if v == 1 then
									if Loops < 1 then
										Tween = SetTween(Joints[i - 1],{C0 = Keyframe[i]},"Linear","In",TweenTime)
									else
										Tween = SetTween(Joints[i - 1],{C0 = Keyframe[i]},"Linear","In",.05 / Speed)
									end
								else
									Tween = SetTween(Joints[i - 1],{C0 = Keyframe[i]},"Linear","In",(Keyframe[1] - CurrentTimePos) / Speed)
								end
							else
								Joints[i - 1].Part0 = Keyframe[i][1]
								if v == 1 then
									if Loops < 1 then
										SetTween(Joints[i - 1],{C0 = Keyframe[i][2]},"Linear","In",0)
									else
										Tween = SetTween(Joints[i - 1],{C0 = Keyframe[i][2]},"Linear","In",.05 / Speed)
									end
								else
									Tween = SetTween(Joints[i - 1],{C0 = Keyframe[i][2]},"Linear","In",(Keyframe[1] - CurrentTimePos) / Speed)
								end
							end
						end
						if not table.find(Animating,tostring(Joints[i - 1].Part1)..Id) then
							table.insert(Animating,tostring(Joints[i - 1].Part1)..Id)
						end
					end
				end
				while Tween and Tween.PlaybackState ~= Enum.PlaybackState.Completed do
					if WaitForAnim and not table.find(RunningAnims,WaitForAnim) then
						WaitForAnim = nil
						for _, Joint in pairs(Joints) do
							if table.find(PauseAnims,tostring(Joint.Part1)..Id) then
								table.remove(PauseAnims,table.find(PauseAnims,tostring(Joint.Part1)..Id))
							end
						end
					end
					local AnimatingNum = 0
					local PausedNum = 0
					for _, Joint in pairs(Joints) do
						if table.find(Animating,tostring(Joint.Part1)..Id) then
							AnimatingNum += 1
						end
						if table.find(PauseAnims,tostring(Joint.Part1)..Id) then
							PausedNum += 1
						end
					end
					if PausedNum == AnimatingNum and table.find(RunningAnims,Id) then
						table.remove(RunningAnims,table.find(RunningAnims,Id))
					end
					if not table.find(RunningAnims,Id) then
						break
					end
					wait()
				end
				if FunctionsAfterTime and #FunctionsAfterTime > 0 then
					for _, Table in pairs(FunctionsAfterTime) do
						if Keyframe[1] >= Table[1] and not table.find(TablesCompleted,Table) then
							spawn(Table[2])
							table.insert(TablesCompleted,Table)
						end
					end
				end
				for i = 2, #Keyframe do
					if Keyframe[i] and AnimationTable[v + 1] and AnimationTable[v + 1][i] == false and table.find(RunningAnims,Id) then
						local LaterKeyframe
						local LaterTimePos
						for _, Keyframe in pairs({table.unpack(AnimationTable,v + 2)}) do
							if Keyframe[i] then
								LaterKeyframe = Keyframe
								LaterTimePos = Keyframe[1]
								break
							end
						end
						if LaterTimePos then
							if not table.find(PauseAnims,tostring(Joints[i - 1].Part1)..Id) then
								if typeof(Keyframe[i]) == "CFrame" then
									SetTween(Joints[i - 1],{C0 = LaterKeyframe[i]},"Linear","In",(LaterTimePos - Keyframe[1]) / Speed)
								else
									Joints[i - 1].Part0 = Keyframe[i][1]
									SetTween(Joints[i - 1],{C0 = LaterKeyframe[i][2]},"Linear","In",(LaterTimePos - Keyframe[1]) / Speed)
								end
							end
							if not table.find(Animating,tostring(Joints[i - 1].Part1)..Id) then
								table.insert(Animating,tostring(Joints[i - 1].Part1)..Id)
							end
						end
					end
				end
				CurrentTimePos = Keyframe[1]
			end
			Loops += 1
			if not Tween then
				wait()
			end
		until not Looped or not table.find(RunningAnims,Id)
		for _, OtherId in pairs(PausedAnimIDs) do
			for _, Joint in pairs(Joints) do
				if table.find(Animating,tostring(Joint.Part1)..Id) and table.find(PauseAnims,tostring(Joint.Part1)..OtherId) then
					table.remove(PauseAnims,table.find(PauseAnims,tostring(Joint.Part1)..OtherId))
				end
			end
		end
		for _, Joint in pairs(Joints) do
			for i, Anim in pairs(Animating) do
				if Anim == tostring(Joint.Part1)..Id then
					table.remove(Animating,i)
				end
			end
			for i, Anim in pairs(PauseAnims) do
				if Anim == tostring(Joint.Part1)..Id then
					table.remove(PauseAnims,i)
				end
			end
		end
		if table.find(RunningAnims,Id) then
			table.remove(RunningAnims,table.find(RunningAnims,Id))
		end
	end
	if WaitUntilFinish then
		Start()
	else
		spawn(Start)
	end
end

local Handle = Instance.new("Part",Char)
Handle.CanCollide = false
Handle.Size = Vector3.new(0.122, 0.182, 1.397)
Handle.Color = Color3.fromRGB(40,40,40)
Handle.Transparency = 1

RJ = CreateWeld({Part0 = RootPart,Part1 = Torso,Parent = RootPart})
Neck = CreateWeld({Part0 = Torso,Part1 = Head,C0 = CFrame.new(0,1.5,0),Parent = RootPart})
RS = CreateWeld({Part0 = Torso,Part1 = RA,C0 = CFrame.new(1.5,0,0),Parent = RootPart})
LS = CreateWeld({Part0 = Torso,Part1 = LA,C0 = CFrame.new(-1.5,0,0),Parent = RootPart})
RH = CreateWeld({Part0 = Torso,Part1 = RL,C0 = CFrame.new(.5,-2,0),Parent = RootPart})
LH = CreateWeld({Part0 = Torso,Part1 = LL,C0 = CFrame.new(-.5,-2,0),Parent = RootPart})
Grip = CreateWeld({Part0 = Torso,Part1 = Handle,C0 = CFrame.new(-2.95,1.79,.55) * CFrame.Angles(math.pi / 2,1.1,math.pi / 2),Parent = RootPart})

local idle = {
	{
		0.000001200009137392044,
		false,
		CFrame.new(0.15748024, 1.47455215, 0, 0.949104786, 0.31496051, 0, -0.31496051, 0.949104786, 0, 0, 0, 1),
		CFrame.new(0.721615791, 0.295586109, -0.575645447, 0.991566539, 0.129114032, 0.0111934505, 0.0202167928, -0.0687893108, -0.997426331, -0.128011748, 0.989240944, -0.0708194524),
		CFrame.new(-0.528669357, 0.65892601, -1.63127136, 0.643903196, -0.690138459, -0.330298811, -0.74103272, -0.455094844, -0.493719548, 0.190417618, 0.562669873, -0.80445236),
		false,
		false,
	},
	{
		0.03398850001394749,
		false,
		CFrame.new(0.15748024, 1.47455215, 0, 0.949104786, 0.31496051, 0, -0.31496051, 0.949104786, 0, 0, 0, 1),
		CFrame.new(0.721615791, 0.295586109, -0.575645447, 0.991566539, 0.129114032, 0.0111934505, 0.0202167928, -0.0687893108, -0.997426331, -0.128011748, 0.989240944, -0.0708194524),
		CFrame.new(-0.52867794, 0.658894539, -1.63132477, 0.643903315, -0.69012183, -0.330333829, -0.741023242, -0.455041289, -0.493783444, 0.190455198, 0.562733769, -0.804398835),
		false,
		false,
	},
	{
		0.06592259998433292,
		false,
		CFrame.new(0.15748024, 1.47455215, 0, 0.949104786, 0.31496051, 0, -0.31496051, 0.949104786, 0, 0, 0, 1),
		CFrame.new(0.721652031, 0.295559406, -0.575622559, 0.99157536, 0.129051358, 0.011134468, 0.0201541111, -0.0687982515, -0.997426987, -0.127953261, 0.989248514, -0.0708195716),
		CFrame.new(-0.52866745, 0.658881903, -1.63134003, 0.643910468, -0.690150261, -0.330260456, -0.740998149, -0.455041289, -0.493820995, 0.190528572, 0.562698841, -0.804405928),
		false,
		false,
	},
	{
		0.0838518999516964,
		false,
		CFrame.new(0.15748024, 1.47455215, 0, 0.949104786, 0.31496051, 0, -0.31496051, 0.949104786, 0, 0, 0, 1),
		CFrame.new(0.721652031, 0.295496702, -0.575630188, 0.991575539, 0.129050702, 0.0111421086, 0.020146545, -0.0686805546, -0.997435272, -0.127954483, 0.989256799, -0.0707018748),
		CFrame.new(-0.52866745, 0.658881903, -1.63134003, 0.643910468, -0.690150261, -0.330260456, -0.740998149, -0.455041289, -0.493820995, 0.190528572, 0.562698841, -0.804405928),
		false,
		false,
	},
	{
		0.11580129992216825,
		false,
		CFrame.new(0.15748024, 1.47455215, 0, 0.949104786, 0.31496051, 0, -0.31496051, 0.949104786, 0, 0, 0, 1),
		CFrame.new(0.721652031, 0.295496702, -0.575645447, 0.991575539, 0.129050702, 0.0111421086, 0.020146545, -0.0686805546, -0.997435272, -0.127954483, 0.989256799, -0.0707018748),
		CFrame.new(-0.528656006, 0.658869267, -1.63136292, 0.643917501, -0.690178752, -0.330187082, -0.740973115, -0.455041289, -0.493858516, 0.190601945, 0.562663853, -0.804413021),
		false,
		false,
	},
	{
		0.1327356998808682,
		false,
		CFrame.new(0.15748024, 1.47455215, 0, 0.949104786, 0.31496051, 0, -0.31496051, 0.949104786, 0, 0, 0, 1),
		CFrame.new(0.72168541, 0.295526266, -0.57559967, 0.991582453, 0.128992185, 0.0112049207, 0.0202055164, -0.0686805546, -0.99743408, -0.12789163, 0.989264429, -0.0707087815),
		CFrame.new(-0.528664589, 0.658837795, -1.63140869, 0.643917441, -0.690162063, -0.330222011, -0.740963459, -0.454987735, -0.493922353, 0.190639481, 0.56272769, -0.804359436),
		false,
		false,
	},
	{
		0.16568099986761808,
		false,
		CFrame.new(0.15748024, 1.47455215, 0, 0.949104786, 0.31496051, 0, -0.31496051, 0.949104786, 0, 0, 0, 1),
		CFrame.new(0.721720695, 0.295436859, -0.575576782, 0.991591036, 0.12892884, 0.0111535639, 0.0201352686, -0.0685720369, -0.997442901, -0.127834335, 0.989280164, -0.0705914423),
		CFrame.new(-0.528589249, 0.658816814, -1.63143921, 0.643851995, -0.690246165, -0.330173671, -0.740994036, -0.454915226, -0.493943155, 0.19074136, 0.562683046, -0.804366469),
		false,
		false,
	},
	{
		0.1827404999639839,
		false,
		CFrame.new(0.15748024, 1.47455215, 0, 0.949104786, 0.31496051, 0, -0.31496051, 0.949104786, 0, 0, 0, 1),
		CFrame.new(0.721721649, 0.295374155, -0.575584412, 0.991591215, 0.128928185, 0.0111611895, 0.0201277062, -0.0684544593, -0.997451246, -0.127835527, 0.989288509, -0.0704738647),
		CFrame.new(-0.528587341, 0.658772707, -1.63150787, 0.64385891, -0.690257967, -0.330135286, -0.740959346, -0.454861701, -0.494044483, 0.190852284, 0.562711895, -0.804320037),
		false,
		false,
	},
	{
		0.20052929990924895,
		false,
		CFrame.new(0.15748024, 1.47455215, 0, 0.949104786, 0.31496051, 0, -0.31496051, 0.949104786, 0, 0, 0, 1),
		CFrame.new(0.721754074, 0.295403719, -0.575553894, 0.99159801, 0.128869653, 0.0112239979, 0.0201866999, -0.0684545785, -0.997449994, -0.127772704, 0.989295959, -0.0704808757),
		CFrame.new(-0.528587341, 0.658772707, -1.63150787, 0.64385891, -0.690257967, -0.330135286, -0.740959346, -0.454861701, -0.494044483, 0.190852284, 0.562711895, -0.804320037),
		false,
		false,
	},
	{
		0.23344129999168217,
		false,
		CFrame.new(0.15748024, 1.47455215, 0, 0.949104786, 0.31496051, 0, -0.31496051, 0.949104786, 0, 0, 0, 1),
		CFrame.new(0.721790314, 0.295314312, -0.575538635, 0.991606772, 0.128806308, 0.0111726299, 0.0201164484, -0.0683458149, -0.997458816, -0.127715379, 0.989311695, -0.0703632981),
		CFrame.new(-0.52857399, 0.658715963, -1.63159943, 0.643873274, -0.690298319, -0.330023646, -0.740899682, -0.454807907, -0.49418357, 0.191036701, 0.562705994, -0.8042804),
		false,
		false,
	},
	{
		0.2673623999580741,
		false,
		CFrame.new(0.15748024, 1.47455215, 0, 0.949104786, 0.31496051, 0, -0.31496051, 0.949104786, 0, 0, 0, 1),
		CFrame.new(0.721858978, 0.295191765, -0.575492859, 0.991622448, 0.128683791, 0.0111916587, 0.020097658, -0.0681196973, -0.99747467, -0.127596468, 0.989343286, -0.070135273),
		CFrame.new(-0.528508186, 0.658663273, -1.63167572, 0.64380753, -0.690365613, -0.330010206, -0.740920484, -0.454682022, -0.49426806, 0.191176027, 0.562724948, -0.804233968),
		false,
		false,
	},
	{
		0.29987889993935823,
		false,
		CFrame.new(0.15748024, 1.47455215, 0, 0.949104786, 0.31496051, 0, -0.31496051, 0.949104786, 0, 0, 0, 1),
		CFrame.new(0.721927643, 0.295131683, -0.575447083, 0.991638362, 0.128561929, 0.0112030692, 0.0200864375, -0.0680109113, -0.997482419, -0.127476335, 0.989366651, -0.0700245649),
		CFrame.new(-0.528494835, 0.658607006, -1.63176727, 0.643821836, -0.690406084, -0.329898357, -0.74086082, -0.454628587, -0.49440679, 0.19136022, 0.56271863, -0.804194629),
		false,
		false,
	},
	{
		0.3337850000243634,
		false,
		CFrame.new(0.15748024, 1.47455215, 0, 0.949104786, 0.31496051, 0, -0.31496051, 0.949104786, 0, 0, 0, 1),
		CFrame.new(0.721963882, 0.294979811, -0.575424194, 0.991647005, 0.128497928, 0.0111592598, 0.0200086832, -0.0677847788, -0.997499287, -0.127420172, 0.989390433, -0.0697896406),
		CFrame.new(-0.528417587, 0.658541679, -1.63186646, 0.643763125, -0.690502107, -0.329811633, -0.740856707, -0.454502583, -0.4945288, 0.191572949, 0.562702656, -0.804155171),
		false,
		false,
	},
	{
		0.36595069989562035,
		false,
		CFrame.new(0.15748024, 1.47455215, 0, 0.949104786, 0.31496051, 0, -0.31496051, 0.949104786, 0, 0, 0, 1),
		CFrame.new(0.722033501, 0.294857025, -0.575386047, 0.991662502, 0.128375381, 0.0111782737, 0.0199899264, -0.0675580278, -0.997515082, -0.127301201, 0.989421844, -0.0695609897),
		CFrame.new(-0.528412819, 0.658453465, -1.63200378, 0.643777609, -0.690525651, -0.329735041, -0.740787148, -0.454395145, -0.494731843, 0.191794917, 0.562760651, -0.804061711),
		false,
		false,
	},
	{
		0.3993758000433445,
		false,
		CFrame.new(0.15748024, 1.47455215, 0, 0.949104786, 0.31496051, 0, -0.31496051, 0.949104786, 0, 0, 0, 1),
		CFrame.new(0.722102165, 0.294734716, -0.575340271, 0.991678298, 0.128252864, 0.0111971907, 0.0199712366, -0.0673318654, -0.997530818, -0.127182245, 0.989453316, -0.06933292),
		CFrame.new(-0.52833271, 0.65834403, -1.63217163, 0.643725753, -0.690633416, -0.329609931, -0.740748048, -0.454215616, -0.494955063, 0.192118511, 0.562773228, -0.803975582),
		false,
		false,
	},
	{
		0.4162749999668449,
		false,
		CFrame.new(0.15748024, 1.47455215, 0, 0.949104786, 0.31496051, 0, -0.31496051, 0.949104786, 0, 0, 0, 1),
		CFrame.new(0.722154617, 0.294689655, -0.575302124, 0.99168998, 0.128161445, 0.0112057067, 0.0199628584, -0.0672501102, -0.997536421, -0.127092138, 0.989470601, -0.0692497268),
		CFrame.new(-0.528325081, 0.658334494, -1.63218689, 0.643730938, -0.690654814, -0.329555064, -0.740729272, -0.454215348, -0.494983435, 0.19217369, 0.56274724, -0.803980649),
		false,
		false,
	},
	{
		0.4492064998485148,
		false,
		CFrame.new(0.15748024, 1.47455215, 0, 0.949104786, 0.31496051, 0, -0.31496051, 0.949104786, 0, 0, 0, 1),
		CFrame.new(0.722223282, 0.294567108, -0.575256348, 0.991705835, 0.128038943, 0.0112245977, 0.0199442245, -0.067023918, -0.997552097, -0.126973182, 0.989501894, -0.0690216348),
		CFrame.new(-0.528243065, 0.658233166, -1.63234711, 0.643679142, -0.690766871, -0.329421073, -0.740692675, -0.454049438, -0.495190412, 0.192487687, 0.562743545, -0.80390811),
		false,
		false,
	},
	{
		0.46617989987134933,
		false,
		CFrame.new(0.15748024, 1.47455215, 0, 0.949104786, 0.31496051, 0, -0.31496051, 0.949104786, 0, 0, 0, 1),
		CFrame.new(0.722291946, 0.294507265, -0.575210571, 0.991721272, 0.127917066, 0.0112359039, 0.0199331157, -0.0669153258, -0.997559547, -0.126853034, 0.989524961, -0.0689111352),
		CFrame.new(-0.528240204, 0.65818882, -1.63241577, 0.643685997, -0.690778613, -0.329382837, -0.740657687, -0.453995615, -0.495291889, 0.192598701, 0.562772453, -0.803861201),
		false,
		false,
	},
	{
		0.4831012999638915,
		false,
		CFrame.new(0.15748024, 1.47455215, 0, 0.949104786, 0.31496051, 0, -0.31496051, 0.949104786, 0, 0, 0, 1),
		CFrame.new(0.722309113, 0.294445515, -0.575202942, 0.991725206, 0.127886102, 0.0112444088, 0.019924704, -0.0667998046, -0.997567475, -0.126823872, 0.989536822, -0.0687951371),
		CFrame.new(-0.52818203, 0.658128738, -1.63250732, 0.643643737, -0.690853655, -0.329308212, -0.740645826, -0.453887671, -0.495408595, 0.192785919, 0.562767446, -0.803819835),
		false,
		false,
	},
	{
		0.5001077998895198,
		false,
		CFrame.new(0.15748024, 1.47455215, 0, 0.949104786, 0.31496051, 0, -0.31496051, 0.949104786, 0, 0, 0, 1),
		CFrame.new(0.722378731, 0.294306993, -0.575157166, 0.991740882, 0.127763376, 0.0112651661, 0.0199041851, -0.0665435195, -0.997585118, -0.126705199, 0.989569962, -0.0685369372),
		CFrame.new(-0.528160095, 0.65806818, -1.63259888, 0.643635929, -0.690889299, -0.329248279, -0.740609705, -0.453802466, -0.495540589, 0.19295004, 0.562792301, -0.803763032),
		false,
		false,
	},
	{
		0.5331822000443935,
		false,
		CFrame.new(0.15748024, 1.47455215, 0, 0.949104786, 0.31496051, 0, -0.31496051, 0.949104786, 0, 0, 0, 1),
		CFrame.new(0.722483635, 0.294157505, -0.575088501, 0.991765201, 0.127578199, 0.0112249255, 0.0198229924, -0.0663259104, -0.997601151, -0.126527637, 0.989608407, -0.0683086962),
		CFrame.new(-0.528069496, 0.65794611, -1.63278961, 0.643590868, -0.691025615, -0.329050064, -0.740545273, -0.453622609, -0.495801508, 0.193347096, 0.562769949, -0.803683341),
		false,
		false,
	},
	{
		0.5671053000260144,
		false,
		CFrame.new(0.15748024, 1.47455215, 0, 0.949104786, 0.31496051, 0, -0.31496051, 0.949104786, 0, 0, 0, 1),
		CFrame.new(0.722585678, 0.294002056, -0.575019836, 0.991787314, 0.12739639, 0.0113139935, 0.0198560357, -0.0659819469, -0.997623146, -0.12634708, 0.98965472, -0.06796965),
		CFrame.new(-0.527989388, 0.657836437, -1.63295746, 0.64353919, -0.69113338, -0.328925192, -0.740505815, -0.453442752, -0.496024936, 0.19367069, 0.562782526, -0.803596616),
		false,
		false,
	},
	{
		0.5988361998461187,
		false,
		CFrame.new(0.15748024, 1.47455215, 0, 0.949104786, 0.31496051, 0, -0.31496051, 0.949104786, 0, 0, 0, 1),
		CFrame.new(0.722690582, 0.293789864, -0.574958801, 0.991811812, 0.127210543, 0.0112812072, 0.0197674185, -0.0656460971, -0.997647226, -0.126170665, 0.989701092, -0.0676231831),
		CFrame.new(-0.527907372, 0.657682419, -1.63319397, 0.643494189, -0.691253304, -0.328762233, -0.740431547, -0.453208804, -0.496349692, 0.194105387, 0.562823892, -0.803462744),
		false,
		false,
	},
	{
		0.6160509998444468,
		false,
		CFrame.new(0.15748024, 1.47455215, 0, 0.949104786, 0.31496051, 0, -0.31496051, 0.949104786, 0, 0, 0, 1),
		CFrame.new(0.722759247, 0.293730021, -0.574905396, 0.991827011, 0.127088636, 0.0112924017, 0.019756414, -0.0655371919, -0.997654498, -0.126050487, 0.989723861, -0.0675123781),
		CFrame.new(-0.52790451, 0.657638073, -1.63326263, 0.643500865, -0.691265166, -0.328723788, -0.74039644, -0.453155369, -0.496450782, 0.194216132, 0.562852383, -0.803416014),
		false,
		false,
	},
	{
		0.6330428998917341,
		false,
		CFrame.new(0.15748024, 1.47455215, 0, 0.949104786, 0.31496051, 0, -0.31496051, 0.949104786, 0, 0, 0, 1),
		CFrame.new(0.722827911, 0.293607235, -0.574867249, 0.991842508, 0.126966059, 0.0113110989, 0.0197379515, -0.0653104335, -0.997669756, -0.125931472, 0.989754617, -0.0672837198),
		CFrame.new(-0.527891159, 0.657581329, -1.63335419, 0.643514156, -0.691305399, -0.32861203, -0.74033618, -0.453101814, -0.496589333, 0.194400236, 0.562845826, -0.803376079),
		false,
		false,
	},
	{
		0.6660163998603821,
		false,
		CFrame.new(0.15748024, 1.47455215, 0, 0.949104786, 0.31496051, 0, -0.31496051, 0.949104786, 0, 0, 0, 1),
		CFrame.new(0.722932816, 0.293395281, -0.574798584, 0.991866648, 0.126780227, 0.0112781711, 0.0196494758, -0.0649747401, -0.997693479, -0.125755012, 0.989800513, -0.0669374466),
		CFrame.new(-0.52780056, 0.657458782, -1.63353729, 0.643468976, -0.691441894, -0.328414083, -0.74027133, -0.452921689, -0.496850342, 0.194797292, 0.562823296, -0.803295672),
		false,
		false,
	},
	{
		0.6829234999604523,
		false,
		CFrame.new(0.15748024, 1.47455215, 0, 0.949104786, 0.31496051, 0, -0.31496051, 0.949104786, 0, 0, 0, 1),
		CFrame.new(0.723002434, 0.293272734, -0.574752808, 0.991882205, 0.126657695, 0.0112967938, 0.0196311064, -0.0647479519, -0.997708499, -0.125636011, 0.98983103, -0.0667087659),
		CFrame.new(-0.527730942, 0.657361507, -1.63368988, 0.643409789, -0.691521168, -0.328362703, -0.740256786, -0.452741653, -0.497036129, 0.195047572, 0.562870681, -0.803201735),
		false,
		false,
	},
	{
		0.7171353998128325,
		false,
		CFrame.new(0.15748024, 1.47455215, 0, 0.949104786, 0.31496051, 0, -0.31496051, 0.949104786, 0, 0, 0, 1),
		CFrame.new(0.723139763, 0.293090105, -0.574661255, 0.991912901, 0.126413167, 0.0113264732, 0.0196018293, -0.0644121915, -0.997730792, -0.125396758, 0.989884198, -0.0663692206),
		CFrame.new(-0.527640343, 0.65723896, -1.63387299, 0.643364429, -0.691657722, -0.328164577, -0.740191758, -0.452561736, -0.49729681, 0.195444405, 0.562847733, -0.803121388),
		false,
		false,
	},
	{
		0.7499163998290896,
		false,
		CFrame.new(0.15748024, 1.47455215, 0, 0.949104786, 0.31496051, 0, -0.31496051, 0.949104786, 0, 0, 0, 1),
		CFrame.new(0.723244667, 0.292815208, -0.57460022, 0.991936922, 0.126226678, 0.0113008618, 0.0195060857, -0.0639583096, -0.997761846, -0.125221387, 0.989937425, -0.0659048036),
		CFrame.new(-0.527557373, 0.657084227, -1.6341095, 0.643318832, -0.691777408, -0.328001857, -0.740116656, -0.452327549, -0.497621566, 0.195879042, 0.562888861, -0.802986622),
		false,
		false,
	},
	{
		0.767045599874109,
		false,
		CFrame.new(0.15748024, 1.47455215, 0, 0.949104786, 0.31496051, 0, -0.31496051, 0.949104786, 0, 0, 0, 1),
		CFrame.new(0.723313332, 0.292755127, -0.574554443, 0.9919523, 0.126104772, 0.0113118999, 0.0194952041, -0.0638489649, -0.997769058, -0.125101194, 0.989960015, -0.0657935739),
		CFrame.new(-0.527468681, 0.657006025, -1.63423157, 0.643266082, -0.691901982, -0.327842116, -0.740086496, -0.452201337, -0.497781008, 0.196164981, 0.562837183, -0.802953124),
		false,
		false,
	},
	{
		0.7989190998487175,
		false,
		CFrame.new(0.15748024, 1.47455215, 0, 0.949104786, 0.31496051, 0, -0.31496051, 0.949104786, 0, 0, 0, 1),
		CFrame.new(0.723451614, 0.292510033, -0.574462891, 0.991983235, 0.125859618, 0.0113488659, 0.0194587335, -0.0633948892, -0.99779892, -0.12486311, 0.990020514, -0.0653357357),
		CFrame.new(-0.527385712, 0.656851292, -1.63446808, 0.643220067, -0.692021787, -0.327679276, -0.740011156, -0.451967359, -0.498105288, 0.196599409, 0.562877655, -0.802818358),
		false,
		false,
	},
	{
		0.8158474999945611,
		false,
		CFrame.new(0.15748024, 1.47455215, 0, 0.949104786, 0.31496051, 0, -0.31496051, 0.949104786, 0, 0, 0, 1),
		CFrame.new(0.723520279, 0.292387486, -0.574417114, 0.991998434, 0.125737011, 0.0113672838, 0.0194405355, -0.0631680191, -0.997813523, -0.12474405, 0.990050495, -0.0651069731),
		CFrame.new(-0.527380943, 0.656762362, -1.63460541, 0.643233478, -0.692045689, -0.327602804, -0.739940763, -0.451859742, -0.498307586, 0.196821079, 0.562934756, -0.802724063),
		false,
		false,
	},
	{
		0.8328831000253558,
		false,
		CFrame.new(0.15748024, 1.47455215, 0, 0.949104786, 0.31496051, 0, -0.31496051, 0.949104786, 0, 0, 0, 1),
		CFrame.new(0.723589897, 0.2922647, -0.574371338, 0.992013812, 0.125614434, 0.0113857016, 0.0194223672, -0.062940903, -0.997828305, -0.124625005, 0.990080535, -0.064877972),
		CFrame.new(-0.527292252, 0.656683922, -1.63472748, 0.643180609, -0.692170203, -0.327443302, -0.739910424, -0.451733172, -0.498467326, 0.197107196, 0.562883258, -0.80268997),
		false,
		false,
	},
	{
		0.8497196999378502,
		false,
		CFrame.new(0.15748024, 1.47455215, 0, 0.949104786, 0.31496051, 0, -0.31496051, 0.949104786, 0, 0, 0, 1),
		CFrame.new(0.723658562, 0.292142153, -0.574333191, 0.99202925, 0.125491828, 0.0114040822, 0.0194042102, -0.0627136454, -0.997842968, -0.124505952, 0.990110576, -0.0646488294),
		CFrame.new(-0.52728653, 0.656594992, -1.63486481, 0.643193722, -0.692194164, -0.327366769, -0.739839971, -0.451625645, -0.498669416, 0.197328806, 0.562940061, -0.802595615),
		false,
		false,
	},
	{
		0.8828298998996615,
		false,
		CFrame.new(0.15748024, 1.47455215, 0, 0.949104786, 0.31496051, 0, -0.31496051, 0.949104786, 0, 0, 0, 1),
		CFrame.new(0.723831177, 0.291932344, -0.574211121, 0.992068291, 0.125184759, 0.0113741755, 0.0193128139, -0.0623856634, -0.997865319, -0.124207929, 0.990170121, -0.0643085092),
		CFrame.new(-0.52712822, 0.6564188, -1.63513184, 0.643081486, -0.692398131, -0.327156126, -0.739794433, -0.45131892, -0.499014586, 0.197865009, 0.562935233, -0.802467048),
		false,
		false,
	},
	{
		0.915681199869141,
		false,
		CFrame.new(0.15748024, 1.47455215, 0, 0.949104786, 0.31496051, 0, -0.31496051, 0.949104786, 0, 0, 0, 1),
		CFrame.new(0.72396946, 0.291687012, -0.574119568, 0.992098927, 0.124939539, 0.0114107728, 0.0192766711, -0.0619308315, -0.997894347, -0.123969778, 0.990229666, -0.0638499185),
		CFrame.new(-0.52704525, 0.656263828, -1.63536835, 0.643035054, -0.692518115, -0.326993555, -0.739718556, -0.451084644, -0.499338806, 0.198299378, 0.562975466, -0.802331626),
		false,
		false,
	},
	{
		0.93269809987396,
		false,
		CFrame.new(0.15748024, 1.47455215, 0, 0.949104786, 0.31496051, 0, -0.31496051, 0.949104786, 0, 0, 0, 1),
		CFrame.new(0.724038124, 0.291564465, -0.574073792, 0.992114007, 0.124816962, 0.0114290044, 0.0192586705, -0.0617038757, -0.997908711, -0.123850711, 0.99025929, -0.0636210814),
		CFrame.new(-0.527020454, 0.656193733, -1.63547516, 0.643054485, -0.692587256, -0.326808721, -0.739632487, -0.451030761, -0.499514878, 0.198556811, 0.562933624, -0.802297294),
		false,
		false,
	},
	{
		0.9497990999370813,
		false,
		CFrame.new(0.15748024, 1.47455215, 0, 0.949104786, 0.31496051, 0, -0.31496051, 0.949104786, 0, 0, 0, 1),
		CFrame.new(0.724106789, 0.291441917, -0.574035645, 0.992128968, 0.124694318, 0.0114472285, 0.0192406811, -0.0614767894, -0.997923017, -0.123731591, 0.990288734, -0.0633921176),
		CFrame.new(-0.526950836, 0.656095982, -1.63562012, 0.642994881, -0.69266659, -0.32675764, -0.73961705, -0.450850427, -0.499700397, 0.198806971, 0.562980294, -0.802202523),
		false,
		false,
	},
	{
		0.9837405998259783,
		false,
		CFrame.new(0.15748024, 1.47455215, 0, 0.949104786, 0.31496051, 0, -0.31496051, 0.949104786, 0, 0, 0, 1),
		CFrame.new(0.724280357, 0.291169167, -0.573913574, 0.992168009, 0.124386564, 0.0114244074, 0.0191422403, -0.0610300303, -0.997952342, -0.123434633, 0.990355134, -0.0629330799),
		CFrame.new(-0.526856422, 0.655927896, -1.63587952, 0.642954886, -0.692815185, -0.326521993, -0.739515543, -0.450615883, -0.500062287, 0.199314654, 0.562985361, -0.802073061),
		false,
		false,
	},
	{
		1.0157775999978185,
		false,
		CFrame.new(0.15748024, 1.47455215, 0, 0.949104786, 0.31496051, 0, -0.31496051, 0.949104786, 0, 0, 0, 1),
		CFrame.new(0.72441864, 0.290924072, -0.573829651, 0.992198348, 0.124141321, 0.0114606358, 0.0191064626, -0.0605754033, -0.997980773, -0.123196423, 0.990413845, -0.0624747165),
		CFrame.new(-0.526762009, 0.655759811, -1.63613892, 0.642913997, -0.692963779, -0.326286346, -0.739413679, -0.450381368, -0.500423908, 0.199822336, 0.562990189, -0.801943362),
		false,
		false,
	},
	{
		1.032676399918273,
		false,
		CFrame.new(0.15748024, 1.47455215, 0, 0.949104786, 0.31496051, 0, -0.31496051, 0.949104786, 0, 0, 0, 1),
		CFrame.new(0.724523544, 0.290711641, -0.573760986, 0.992222011, 0.123955533, 0.0114268288, 0.0190188102, -0.06023838, -0.998002827, -0.123019643, 0.990457714, -0.0621273294),
		CFrame.new(-0.526680946, 0.655648947, -1.63629913, 0.642860353, -0.693071723, -0.32616204, -0.739372611, -0.450200975, -0.50064671, 0.200145677, 0.563001275, -0.801854789),
		false,
		false,
	},
	{
		1.0506726999301463,
		false,
		CFrame.new(0.15748024, 1.47455215, 0, 0.949104786, 0.31496051, 0, -0.31496051, 0.949104786, 0, 0, 0, 1),
		CFrame.new(0.724592209, 0.290588856, -0.57371521, 0.992237031, 0.123832896, 0.0114448927, 0.0190009885, -0.0600106195, -0.998016834, -0.122900501, 0.990486741, -0.06189771),
		CFrame.new(-0.526611328, 0.655550718, -1.63645172, 0.642800868, -0.693151414, -0.326111257, -0.739357054, -0.450020134, -0.500832379, 0.200395942, 0.563048065, -0.801759541),
		false,
		false,
	},
	{
		1.082602599868551,
		false,
		CFrame.new(0.15748024, 1.47455215, 0, 0.949104786, 0.31496051, 0, -0.31496051, 0.949104786, 0, 0, 0, 1),
		CFrame.new(0.724729538, 0.290343523, -0.573623657, 0.992267251, 0.123587638, 0.0114809051, 0.0189654082, -0.0595552847, -0.998044908, -0.122662254, 0.990544975, -0.0614386499),
		CFrame.new(-0.52650547, 0.655369759, -1.63672638, 0.642766476, -0.693328559, -0.325802475, -0.739229381, -0.44978556, -0.501231492, 0.200976819, 0.563017428, -0.801635623),
		false,
		false,
	},
	{
		1.099499800009653,
		false,
		CFrame.new(0.15748024, 1.47455215, 0, 0.949104786, 0.31496051, 0, -0.31496051, 0.949104786, 0, 0, 0, 1),
		CFrame.new(0.724834442, 0.290193796, -0.573554993, 0.992290735, 0.123402528, 0.0114396065, 0.0188852176, -0.0593360625, -0.998059392, -0.122484267, 0.990581155, -0.0612091124),
		CFrame.new(-0.526435852, 0.655271292, -1.63687134, 0.642706335, -0.693408012, -0.325751781, -0.739213467, -0.44960475, -0.5014171, 0.201227069, 0.56306392, -0.801540256),
		false,
		false,
	},
	{
		1.1335370999295264,
		false,
		CFrame.new(0.15748024, 1.47455215, 0, 0.949104786, 0.31496051, 0, -0.31496051, 0.949104786, 0, 0, 0, 1),
		CFrame.new(0.724971771, 0.289948225, -0.57346344, 0.992320657, 0.123157248, 0.0114754662, 0.018849805, -0.0588804148, -0.998087049, -0.122245975, 0.990638852, -0.0607497543),
		CFrame.new(-0.526340485, 0.65510273, -1.63713074, 0.64266485, -0.693556726, -0.325516313, -0.739110887, -0.449370027, -0.501778424, 0.201734558, 0.563068092, -0.801409721),
		false,
		false,
	},
	{
		1.1656227998901159,
		false,
		CFrame.new(0.15748024, 1.47455215, 0, 0.949104786, 0.31496051, 0, -0.31496051, 0.949104786, 0, 0, 0, 1),
		CFrame.new(0.725144386, 0.289675713, -0.573348999, 0.992359042, 0.122849531, 0.0114519, 0.0187520906, -0.0584332608, -0.998115122, -0.121948808, 0.990703523, -0.0602904707),
		CFrame.new(-0.52624321, 0.654889107, -1.6374588, 0.642629743, -0.693717539, -0.325242817, -0.738972485, -0.449081242, -0.502240598, 0.202352703, 0.563100278, -0.801231205),
		false,
		false,
	},
	{
		1.1835147000383586,
		false,
		CFrame.new(0.15748024, 1.47455215, 0, 0.949104786, 0.31496051, 0, -0.31496051, 0.949104786, 0, 0, 0, 1),
		CFrame.new(0.725246429, 0.289519787, -0.573280334, 0.992380738, 0.122667305, 0.0115395635, 0.0187865421, -0.058086887, -0.998134732, -0.121768206, 0.990746498, -0.0599488057),
		CFrame.new(-0.526165009, 0.654822588, -1.63755035, 0.642569482, -0.693813503, -0.325157046, -0.738966525, -0.448954433, -0.502362728, 0.202565432, 0.563083172, -0.801189482),
		false,
		false,
	},
	{
		1.2006081000436097,
		false,
		CFrame.new(0.15748024, 1.47455215, 0, 0.949104786, 0.31496051, 0, -0.31496051, 0.949104786, 0, 0, 0, 1),
		CFrame.new(0.725315094, 0.28939724, -0.573234558, 0.992395759, 0.122544654, 0.0115573257, 0.0187689736, -0.0578591302, -0.998148322, -0.121649042, 0.990774989, -0.05971919),
		CFrame.new(-0.526083946, 0.654711246, -1.6377182, 0.642515123, -0.693921745, -0.325033128, -0.738924921, -0.448773503, -0.502585471, 0.202888802, 0.56309396, -0.801100016),
		false,
		false,
	},
	{
		1.2324695000424981,
		false,
		CFrame.new(0.15748024, 1.47455215, 0, 0.949104786, 0.31496051, 0, -0.31496051, 0.949104786, 0, 0, 0, 1),
		CFrame.new(0.725488663, 0.289124489, -0.573120117, 0.992434204, 0.122236937, 0.0115334839, 0.0186715126, -0.0574113503, -0.998176157, -0.121351823, 0.990839183, -0.0592593215),
		CFrame.new(-0.525988579, 0.654542208, -1.6379776, 0.642473459, -0.694070518, -0.324797988, -0.738821685, -0.448538482, -0.502946913, 0.203396276, 0.563097894, -0.800968587),
		false,
		false,
	},
	{
		1.2504779000300914,
		false,
		CFrame.new(0.15748024, 1.47455215, 0, 0.949104786, 0.31496051, 0, -0.31496051, 0.949104786, 0, 0, 0, 1),
		CFrame.new(0.725557327, 0.289001703, -0.573074341, 0.992448747, 0.122114256, 0.0115511976, 0.0186540224, -0.0571831949, -0.998189449, -0.121232614, 0.990867376, -0.0590293147),
		CFrame.new(-0.525907516, 0.654430866, -1.63814545, 0.642419159, -0.6941787, -0.324674249, -0.738779902, -0.448357433, -0.503169894, 0.203719735, 0.563108802, -0.800878763),
		false,
		false,
	},
	{
		1.2824407999869436,
		false,
		CFrame.new(0.15748024, 1.47455215, 0, 0.949104786, 0.31496051, 0, -0.31496051, 0.949104786, 0, 0, 0, 1),
		CFrame.new(0.725730896, 0.288666487, -0.5729599, 0.992486954, 0.121805847, 0.0115343817, 0.0185495727, -0.0566172712, -0.998223603, -0.120936438, 0.990937889, -0.0584513471),
		CFrame.new(-0.525819778, 0.654229164, -1.63845062, 0.642377019, -0.694311082, -0.324474394, -0.738665998, -0.448068202, -0.503594458, 0.204264581, 0.563175857, -0.800692797),
		false,
		false,
	},
	{
		1.3002424000296742,
		false,
		CFrame.new(0.15748024, 1.47455215, 0, 0.949104786, 0.31496051, 0, -0.31496051, 0.949104786, 0, 0, 0, 1),
		CFrame.new(0.725799561, 0.288543701, -0.572914124, 0.992501795, 0.121683143, 0.0115520097, 0.0185321644, -0.0563887171, -0.998236895, -0.120817199, 0.990965962, -0.0582209527),
		CFrame.new(-0.525794029, 0.654158592, -1.63855743, 0.642395735, -0.694380522, -0.324289858, -0.738579035, -0.448014021, -0.503770351, 0.204521835, 0.563133478, -0.800656974),
		false,
		false,
	},
	{
		1.332361999899149,
		false,
		CFrame.new(0.15748024, 1.47455215, 0, 0.949104786, 0.31496051, 0, -0.31496051, 0.949104786, 0, 0, 0, 1),
		CFrame.new(0.725972176, 0.28827095, -0.572799683, 0.992539644, 0.121375419, 0.0115277655, 0.0184350833, -0.055940479, -0.998263896, -0.120519832, 0.991029084, -0.0577607118),
		CFrame.new(-0.525642395, 0.653948069, -1.63887024, 0.64228034, -0.694568217, -0.324115843, -0.738520086, -0.447651684, -0.504178584, 0.205095381, 0.563190043, -0.800470412),
		false,
		false,
	},
	{
		1.3492920999415219,
		false,
		CFrame.new(0.15748024, 1.47455215, 0, 0.949104786, 0.31496051, 0, -0.31496051, 0.949104786, 0, 0, 0, 1),
		CFrame.new(0.72604084, 0.288148165, -0.572753906, 0.992554605, 0.12125273, 0.0115452819, 0.0184177794, -0.055712238, -0.998277009, -0.120400593, 0.991056979, -0.0575306416),
		CFrame.new(-0.525617599, 0.653877497, -1.63897705, 0.642298102, -0.694637537, -0.323931187, -0.738432884, -0.447597682, -0.504354119, 0.2053525, 0.563147306, -0.80043453),
		false,
		false,
	},
	{
		1.3672811998985708,
		false,
		CFrame.new(0.15748024, 1.47455215, 0, 0.949104786, 0.31496051, 0, -0.31496051, 0.949104786, 0, 0, 0, 1),
		CFrame.new(0.72614193, 0.288054943, -0.572677612, 0.992575645, 0.121071085, 0.0116252266, 0.0184598863, -0.055483982, -0.99828881, -0.120218903, 0.991091907, -0.0573070161),
		CFrame.new(-0.525535583, 0.653765678, -1.6391449, 0.642243505, -0.694745719, -0.323807746, -0.738390505, -0.447416365, -0.50457716, 0.205675974, 0.563158035, -0.800343931),
		false,
		false,
	},
	{
		1.400176899973303,
		false,
		CFrame.new(0.15748024, 1.47455215, 0, 0.949104786, 0.31496051, 0, -0.31496051, 0.949104786, 0, 0, 0, 1),
		CFrame.new(0.726315498, 0.287719488, -0.572563171, 0.992613673, 0.120762654, 0.0116079263, 0.0183559284, -0.0549167283, -0.998322248, -0.119922563, 0.991161227, -0.0567278005),
		CFrame.new(-0.525440216, 0.653595924, -1.6394043, 0.642200768, -0.694894731, -0.323572993, -0.738286316, -0.447180867, -0.504938245, 0.206183314, 0.563161254, -0.800211191),
		false,
		false,
	},
	{
		1.4330974000040442,
		false,
		CFrame.new(0.15748024, 1.47455215, 0, 0.949104786, 0.31496051, 0, -0.31496051, 0.949104786, 0, 0, 0, 1),
		CFrame.new(0.726452827, 0.287473917, -0.572471619, 0.992642999, 0.120517269, 0.0116426833, 0.0183215998, -0.0544598885, -0.998347878, -0.1196841, 0.991216302, -0.056267295),
		CFrame.new(-0.525287628, 0.653384686, -1.6397171, 0.642084897, -0.695082843, -0.323399246, -0.738226831, -0.446818262, -0.50534606, 0.206756651, 0.563217044, -0.800023973),
		false,
		false,
	},
	{
		1.4669850999489427,
		false,
		CFrame.new(0.15748024, 1.47455215, 0, 0.949104786, 0.31496051, 0, -0.31496051, 0.949104786, 0, 0, 0, 1),
		CFrame.new(0.726625443, 0.287200928, -0.572357178, 0.99268055, 0.120209515, 0.0116178989, 0.0182250254, -0.0540107787, -0.998374045, -0.119386569, 0.991278231, -0.0558062717),
		CFrame.new(-0.525192261, 0.653214455, -1.63996887, 0.642041743, -0.695231855, -0.323164672, -0.738122165, -0.446582526, -0.505707204, 0.207263976, 0.563220084, -0.799890518),
		false,
		false,
	},
	{
		1.4839051000308245,
		false,
		CFrame.new(0.15748024, 1.47455215, 0, 0.949104786, 0.31496051, 0, -0.31496051, 0.949104786, 0, 0, 0, 1),
		CFrame.new(0.726694107, 0.287078142, -0.572311401, 0.992695153, 0.120086804, 0.0116351955, 0.0182079412, -0.0537820794, -0.998386681, -0.1192673, 0.99130553, -0.055575747),
		CFrame.new(-0.525110245, 0.653102398, -1.64013672, 0.641986549, -0.695340037, -0.32304126, -0.73807919, -0.446401238, -0.505929887, 0.207587242, 0.563230217, -0.799799562),
		false,
		false,
	},
	{
		1.5159976999275386,
		false,
		CFrame.new(0.15748024, 1.47455215, 0, 0.949104786, 0.31496051, 0, -0.31496051, 0.949104786, 0, 0, 0, 1),
		CFrame.new(0.726866722, 0.286805391, -0.572189331, 0.992732644, 0.11977908, 0.0116102211, 0.0181115679, -0.0533328578, -0.998412549, -0.118969724, 0.991367042, -0.0551146567),
		CFrame.new(-0.525013924, 0.652932167, -1.64039612, 0.641942859, -0.695489168, -0.322806805, -0.737974286, -0.446165472, -0.506290734, 0.208094507, 0.563232839, -0.799665868),
		false,
		false,
	},
	{
		1.5329004998784512,
		false,
		CFrame.new(0.15748024, 1.47455215, 0, 0.949104786, 0.31496051, 0, -0.31496051, 0.949104786, 0, 0, 0, 1),
